#
# Output file generated by Yacora 1.5.0
# =====================================
#   Filename: 'YacoraRun_PopCoeff_n=12.dat'
#   Date of creation: 15. June 2021
#   Time of creation: 11:08:53
#   Used input file: 'H_20_11_2019.txt'
#   Performed calculation: Population Coefficient for state 'H(12)' coupled to the particle 'H(1)'
#
#   Please cite D. Wünderlich, M. Giacomin, R. Ritz and U. Fantz, J. Quant. Spectrosc. Radiat. Transfer 240, 2020, 106695, if you use Yacora results.
#
# Description of the used Parameters:
# ===================================
#
#   Temperatures and Densities: 
#              T_e: 11 given values between 1.0000 and 50.0000
#              T_n1: Fixed value 8000.0000
#              n_e: 23 given values between 1.0000e+14 and 2.0000e+21
#              n_i1: Fixed value 0.0000
#              n_n1: Fixed value 1.0000

#   Electron energy distribution function: 
#              Maxwellian
#
# Calculated Data:
# ================
#  T_e           n_e           POP_COEFF      
   1.0000        1.0000e+14    4.85383678e-28     
   1.0000        2.0000e+14    4.34996849e-28     
   1.0000        5.0000e+14    3.41978055e-28     
   1.0000        1.0000e+15    2.64411271e-28     
   1.0000        2.0000e+15    1.93303601e-28     
   1.0000        5.0000e+15    1.19683589e-28     
   1.0000        1.0000e+16    8.04780675e-29     
   1.0000        2.0000e+16    5.31351661e-29     
   1.0000        5.0000e+16    3.02580605e-29     
   1.0000        1.0000e+17    1.97162989e-29     
   1.0000        2.0000e+17    1.28975560e-29     
   1.0000        5.0000e+17    7.45779871e-30     
   1.0000        1.0000e+18    4.99821621e-30     
   1.0000        2.0000e+18    3.40140762e-30     
   1.0000        5.0000e+18    2.09217861e-30     
   1.0000        1.0000e+19    1.47408446e-30     
   1.0000        2.0000e+19    1.05558166e-30     
   1.0000        5.0000e+19    6.84481755e-31     
   1.0000        1.0000e+20    4.90102381e-31     
   1.0000        2.0000e+20    3.53698516e-31     
   1.0000        5.0000e+20    2.41799151e-31     
   1.0000        1.0000e+21    1.87850480e-31     
   1.0000        2.0000e+21    1.44417163e-31     
   1.5000        1.0000e+14    3.90689341e-26     
   1.5000        2.0000e+14    3.46578815e-26     
   1.5000        5.0000e+14    2.68191165e-26     
   1.5000        1.0000e+15    2.05018817e-26     
   1.5000        2.0000e+15    1.48409233e-26     
   1.5000        5.0000e+15    9.08863608e-27     
   1.5000        1.0000e+16    6.06691041e-27     
   1.5000        2.0000e+16    3.97713054e-27     
   1.5000        5.0000e+16    2.24164056e-27     
   1.5000        1.0000e+17    1.44717932e-27     
   1.5000        2.0000e+17    9.36023362e-28     
   1.5000        5.0000e+17    5.30762508e-28     
   1.5000        1.0000e+18    3.49012919e-28     
   1.5000        2.0000e+18    2.31898001e-28     
   1.5000        5.0000e+18    1.37005627e-28     
   1.5000        1.0000e+19    9.31186339e-29     
   1.5000        2.0000e+19    6.38350073e-29     
   1.5000        5.0000e+19    3.84506383e-29     
   1.5000        1.0000e+20    2.59187271e-29     
   1.5000        2.0000e+20    1.76714888e-29     
   1.5000        5.0000e+20    1.11610908e-29     
   1.5000        1.0000e+21    8.00146646e-30     
   1.5000        2.0000e+21    5.53299699e-30     
   2.0000        1.0000e+14    3.54139188e-25     
   2.0000        2.0000e+14    3.12605783e-25     
   2.0000        5.0000e+14    2.40123351e-25     
   2.0000        1.0000e+15    1.82619115e-25     
   2.0000        2.0000e+15    1.31610025e-25     
   2.0000        5.0000e+15    8.02007174e-26     
   2.0000        1.0000e+16    5.33534546e-26     
   2.0000        2.0000e+16    3.48529825e-26     
   2.0000        5.0000e+16    1.95389460e-26     
   2.0000        1.0000e+17    1.25500615e-26     
   2.0000        2.0000e+17    8.06555646e-27     
   2.0000        5.0000e+17    4.52264740e-27     
   2.0000        1.0000e+18    2.94164731e-27     
   2.0000        2.0000e+18    1.92777647e-27     
   2.0000        5.0000e+18    1.11337596e-27     
   2.0000        1.0000e+19    7.41480858e-28     
   2.0000        2.0000e+19    4.95594561e-28     
   2.0000        5.0000e+19    2.86530015e-28     
   2.0000        1.0000e+20    1.87240735e-28     
   2.0000        2.0000e+20    1.23967685e-28     
   2.0000        5.0000e+20    7.46805207e-29     
   2.0000        1.0000e+21    5.08458521e-29     
   2.0000        2.0000e+21    3.30118533e-29     
   3.0000        1.0000e+14    3.29253750e-24     
   3.0000        2.0000e+14    2.89623104e-24     
   3.0000        5.0000e+14    2.21346750e-24     
   3.0000        1.0000e+15    1.67758795e-24     
   3.0000        2.0000e+15    1.20539452e-24     
   3.0000        5.0000e+15    7.31932446e-25     
   3.0000        1.0000e+16    4.85559779e-25     
   3.0000        2.0000e+16    3.16160088e-25     
   3.0000        5.0000e+16    1.76250220e-25     
   3.0000        1.0000e+17    1.12562027e-25     
   3.0000        2.0000e+17    7.18061492e-26     
   3.0000        5.0000e+17    3.97412625e-26     
   3.0000        1.0000e+18    2.55206627e-26     
   3.0000        2.0000e+18    1.64601006e-26     
   3.0000        5.0000e+18    9.26713183e-27     
   3.0000        1.0000e+19    6.03217206e-27     
   3.0000        2.0000e+19    3.92000399e-27     
   3.0000        5.0000e+19    2.17256444e-27     
   3.0000        1.0000e+20    1.37814794e-27     
   3.0000        2.0000e+20    8.86216504e-28     
   3.0000        5.0000e+20    5.05977067e-28     
   3.0000        1.0000e+21    3.24709156e-28     
   3.0000        2.0000e+21    1.97340743e-28     
   4.0000        1.0000e+14    1.02426747e-23     
   4.0000        2.0000e+14    9.00917034e-24     
   4.0000        5.0000e+14    6.88527647e-24     
   4.0000        1.0000e+15    5.21854158e-24     
   4.0000        2.0000e+15    3.74952373e-24     
   4.0000        5.0000e+15    2.27583460e-24     
   4.0000        1.0000e+16    1.50860446e-24     
   4.0000        2.0000e+16    9.80958795e-25     
   4.0000        5.0000e+16    5.45234719e-25     
   4.0000        1.0000e+17    3.47045424e-25     
   4.0000        2.0000e+17    2.20390430e-25     
   4.0000        5.0000e+17    1.21001318e-25     
   4.0000        1.0000e+18    7.71017577e-26     
   4.0000        2.0000e+18    4.92606610e-26     
   4.0000        5.0000e+18    2.73321543e-26     
   4.0000        1.0000e+19    1.75638976e-26     
   4.0000        2.0000e+19    1.12430951e-26     
   4.0000        5.0000e+19    6.10490037e-27     
   4.0000        1.0000e+20    3.82158619e-27     
   4.0000        2.0000e+20    2.42371548e-27     
   4.0000        5.0000e+20    1.34452910e-27     
   4.0000        1.0000e+21    8.36344693e-28     
   4.0000        2.0000e+21    4.92232947e-28     
   7.0000        1.0000e+14    4.67079086e-23     
   7.0000        2.0000e+14    4.12838316e-23     
   7.0000        5.0000e+14    3.17855779e-23     
   7.0000        1.0000e+15    2.42163481e-23     
   7.0000        2.0000e+15    1.74719780e-23     
   7.0000        5.0000e+15    1.06409707e-23     
   7.0000        1.0000e+16    7.05883014e-24     
   7.0000        2.0000e+16    4.58518681e-24     
   7.0000        5.0000e+16    2.53736823e-24     
   7.0000        1.0000e+17    1.60565337e-24     
   7.0000        2.0000e+17    1.01134954e-24     
   7.0000        5.0000e+17    5.47229546e-25     
   7.0000        1.0000e+18    3.43892903e-25     
   7.0000        2.0000e+18    2.16198008e-25     
   7.0000        5.0000e+18    1.17134293e-25     
   7.0000        1.0000e+19    7.37990259e-26     
   7.0000        2.0000e+19    4.62719929e-26     
   7.0000        5.0000e+19    2.45351885e-26     
   7.0000        1.0000e+20    1.51539829e-26     
   7.0000        2.0000e+20    9.46530801e-27     
   7.0000        5.0000e+20    5.06395843e-27     
   7.0000        1.0000e+21    3.03130101e-27     
   7.0000        2.0000e+21    1.71941066e-27     
   10.0000       1.0000e+14    8.92225861e-23     
   10.0000       2.0000e+14    7.93234175e-23     
   10.0000       5.0000e+14    6.16202108e-23     
   10.0000       1.0000e+15    4.72417532e-23     
   10.0000       2.0000e+15    3.42604418e-23     
   10.0000       5.0000e+15    2.09628169e-23     
   10.0000       1.0000e+16    1.39308756e-23     
   10.0000       2.0000e+16    9.05150891e-24     
   10.0000       5.0000e+16    4.99882362e-24     
   10.0000       1.0000e+17    3.15258621e-24     
   10.0000       2.0000e+17    1.97582288e-24     
   10.0000       5.0000e+17    1.05953381e-24     
   10.0000       1.0000e+18    6.60243745e-25     
   10.0000       2.0000e+18    4.11170587e-25     
   10.0000       5.0000e+18    2.19797943e-25     
   10.0000       1.0000e+19    1.37065751e-25     
   10.0000       2.0000e+19    8.51601277e-26     
   10.0000       5.0000e+19    4.48024298e-26     
   10.0000       1.0000e+20    2.75868019e-26     
   10.0000       2.0000e+20    1.71626467e-26     
   10.0000       5.0000e+20    9.07335917e-27     
   10.0000       1.0000e+21    5.36236429e-27     
   10.0000       2.0000e+21    3.00603898e-27     
   15.0000       1.0000e+14    1.52284655e-22     
   15.0000       2.0000e+14    1.36528275e-22     
   15.0000       5.0000e+14    1.07456711e-22     
   15.0000       1.0000e+15    8.31590804e-23     
   15.0000       2.0000e+15    6.07817359e-23     
   15.0000       5.0000e+15    3.74652314e-23     
   15.0000       1.0000e+16    2.49787405e-23     
   15.0000       2.0000e+16    1.62507922e-23     
   15.0000       5.0000e+16    8.96350049e-24     
   15.0000       1.0000e+17    5.63513060e-24     
   15.0000       2.0000e+17    3.51400693e-24     
   15.0000       5.0000e+17    1.86690407e-24     
   15.0000       1.0000e+18    1.15311473e-24     
   15.0000       2.0000e+18    7.11085839e-25     
   15.0000       5.0000e+18    3.74917442e-25     
   15.0000       1.0000e+19    2.31446039e-25     
   15.0000       2.0000e+19    1.42660530e-25     
   15.0000       5.0000e+19    7.46705177e-26     
   15.0000       1.0000e+20    4.59392254e-26     
   15.0000       2.0000e+20    2.85446833e-26     
   15.0000       5.0000e+20    1.49983451e-26     
   15.0000       1.0000e+21    8.80104643e-27     
   15.0000       2.0000e+21    4.90136172e-27     
   20.0000       1.0000e+14    2.01718518e-22     
   20.0000       2.0000e+14    1.82055825e-22     
   20.0000       5.0000e+14    1.44834576e-22     
   20.0000       1.0000e+15    1.12968063e-22     
   20.0000       2.0000e+15    8.31210087e-23     
   20.0000       5.0000e+15    5.15682536e-23     
   20.0000       1.0000e+16    3.44890844e-23     
   20.0000       2.0000e+16    2.24753671e-23     
   20.0000       5.0000e+16    1.23974988e-23     
   20.0000       1.0000e+17    7.78223448e-24     
   20.0000       2.0000e+17    4.83939052e-24     
   20.0000       5.0000e+17    2.55694897e-24     
   20.0000       1.0000e+18    1.57086163e-24     
   20.0000       2.0000e+18    9.62876730e-25     
   20.0000       5.0000e+18    5.03369908e-25     
   20.0000       1.0000e+19    3.08824052e-25     
   20.0000       2.0000e+19    1.89493533e-25     
   20.0000       5.0000e+19    9.89563181e-26     
   20.0000       1.0000e+20    6.08893674e-26     
   20.0000       2.0000e+20    3.78434174e-26     
   20.0000       5.0000e+20    1.98621148e-26     
   20.0000       1.0000e+21    1.16350307e-26     
   20.0000       2.0000e+21    6.46879559e-27     
   30.0000       1.0000e+14    2.68716477e-22     
   30.0000       2.0000e+14    2.44899635e-22     
   30.0000       5.0000e+14    1.98009772e-22     
   30.0000       1.0000e+15    1.56323495e-22     
   30.0000       2.0000e+15    1.16231571e-22     
   30.0000       5.0000e+15    7.28842553e-23     
   30.0000       1.0000e+16    4.90296118e-23     
   30.0000       2.0000e+16    3.20818421e-23     
   30.0000       5.0000e+16    1.77472490e-23     
   30.0000       1.0000e+17    1.11417097e-23     
   30.0000       2.0000e+17    6.91634951e-24     
   30.0000       5.0000e+17    3.63627319e-24     
   30.0000       1.0000e+18    2.22165730e-24     
   30.0000       2.0000e+18    1.35285652e-24     
   30.0000       5.0000e+18    7.00223119e-25     
   30.0000       1.0000e+19    4.26279964e-25     
   30.0000       2.0000e+19    2.60058399e-25     
   30.0000       5.0000e+19    1.35408228e-25     
   30.0000       1.0000e+20    8.33270411e-26     
   30.0000       2.0000e+20    5.18298259e-26     
   30.0000       5.0000e+20    2.72363222e-26     
   30.0000       1.0000e+21    1.59674209e-26     
   30.0000       2.0000e+21    8.88258213e-27     
   50.0000       1.0000e+14    3.34971082e-22     
   50.0000       2.0000e+14    3.09122204e-22     
   50.0000       5.0000e+14    2.55508829e-22     
   50.0000       1.0000e+15    2.05235352e-22     
   50.0000       2.0000e+15    1.54980386e-22     
   50.0000       5.0000e+15    9.88007297e-23     
   50.0000       1.0000e+16    6.71055163e-23     
   50.0000       2.0000e+16    4.42383665e-23     
   50.0000       5.0000e+16    2.46393518e-23     
   50.0000       1.0000e+17    1.55100361e-23     
   50.0000       2.0000e+17    9.63116363e-24     
   50.0000       5.0000e+17    5.04918350e-24     
   50.0000       1.0000e+18    3.07209070e-24     
   50.0000       2.0000e+18    1.86109203e-24     
   50.0000       5.0000e+18    9.55848438e-25     
   50.0000       1.0000e+19    5.78317648e-25     
   50.0000       2.0000e+19    3.51242296e-25     
   50.0000       5.0000e+19    1.82542128e-25     
   50.0000       1.0000e+20    1.12342469e-25     
   50.0000       2.0000e+20    6.99526900e-26     
   50.0000       5.0000e+20    3.69161901e-26     
   50.0000       1.0000e+21    2.17433869e-26     
   50.0000       2.0000e+21    1.21469028e-26     
