#
# Output file generated by Yacora 1.5.0
# =====================================
#   Filename: 'YacoraRun_PopCoeff_n=2.dat'
#   Date of creation: 22. June 2021
#   Time of creation: 16:40:09
#   Used input file: 'H_20_11_2019.txt'
#   Performed calculation: Population Coefficient for state 'H(2)' coupled to the particle 'H+'
#
#   Please cite D. Wünderlich, M. Giacomin, R. Ritz and U. Fantz, J. Quant. Spectrosc. Radiat. Transfer 240, 2020, 106695, if you use Yacora results.
#
# Description of the used Parameters:
# ===================================
#
#   Temperatures and Densities: 
#              T_e: 11 given values between 1.0000 and 50.0000
#              T_i1: Fixed value 8000.0000
#              T_n1: Fixed value 8000.0000
#              n_e: 23 given values between 1.0000e+14 and 2.0000e+21
#              n_i1: Fixed value 1.0000

#   Electron energy distribution function: 
#              Maxwellian
#
# Calculated Data:
# ================
#  T_e           n_e           POP_COEFF      
   1.0000        1.0000e+14    2.90541631e-28     
   1.0000        2.0000e+14    2.93904830e-28     
   1.0000        5.0000e+14    2.99669011e-28     
   1.0000        1.0000e+15    3.05285423e-28     
   1.0000        2.0000e+15    3.12264026e-28     
   1.0000        5.0000e+15    3.24133660e-28     
   1.0000        1.0000e+16    3.35648242e-28     
   1.0000        2.0000e+16    3.49942490e-28     
   1.0000        5.0000e+16    3.74331370e-28     
   1.0000        1.0000e+17    3.98181461e-28     
   1.0000        2.0000e+17    4.28156638e-28     
   1.0000        5.0000e+17    4.80467002e-28     
   1.0000        1.0000e+18    5.33225682e-28     
   1.0000        2.0000e+18    6.02322681e-28     
   1.0000        5.0000e+18    7.30408971e-28     
   1.0000        1.0000e+19    8.70678577e-28     
   1.0000        2.0000e+19    1.07702530e-27     
   1.0000        5.0000e+19    1.53269845e-27     
   1.0000        1.0000e+20    2.12206583e-27     
   1.0000        2.0000e+20    3.11001139e-27     
   1.0000        5.0000e+20    5.62144269e-27     
   1.0000        1.0000e+21    9.09723668e-27     
   1.0000        2.0000e+21    1.43919157e-26     
   1.5000        1.0000e+14    2.08179350e-28     
   1.5000        2.0000e+14    2.09680501e-28     
   1.5000        5.0000e+14    2.12226359e-28     
   1.5000        1.0000e+15    2.14685203e-28     
   1.5000        2.0000e+15    2.17720162e-28     
   1.5000        5.0000e+15    2.22846037e-28     
   1.5000        1.0000e+16    2.27785824e-28     
   1.5000        2.0000e+16    2.33881268e-28     
   1.5000        5.0000e+16    2.44198085e-28     
   1.5000        1.0000e+17    2.54191564e-28     
   1.5000        2.0000e+17    2.66626311e-28     
   1.5000        5.0000e+17    2.87994970e-28     
   1.5000        1.0000e+18    3.09175590e-28     
   1.5000        2.0000e+18    3.36366646e-28     
   1.5000        5.0000e+18    3.85220998e-28     
   1.5000        1.0000e+19    4.37261616e-28     
   1.5000        2.0000e+19    5.11098497e-28     
   1.5000        5.0000e+19    6.62729041e-28     
   1.5000        1.0000e+20    8.46064076e-28     
   1.5000        2.0000e+20    1.14001707e-27     
   1.5000        5.0000e+20    1.83393471e-27     
   1.5000        1.0000e+21    2.67946842e-27     
   1.5000        2.0000e+21    3.75845407e-27     
   2.0000        1.0000e+14    1.62608874e-28     
   2.0000        2.0000e+14    1.63452268e-28     
   2.0000        5.0000e+14    1.64867213e-28     
   2.0000        1.0000e+15    1.66221252e-28     
   2.0000        2.0000e+15    1.67881118e-28     
   2.0000        5.0000e+15    1.70665528e-28     
   2.0000        1.0000e+16    1.73333712e-28     
   2.0000        2.0000e+16    1.76611884e-28     
   2.0000        5.0000e+16    1.82133894e-28     
   2.0000        1.0000e+17    1.87457151e-28     
   2.0000        2.0000e+17    1.94050177e-28     
   2.0000        5.0000e+17    2.05303012e-28     
   2.0000        1.0000e+18    2.16374474e-28     
   2.0000        2.0000e+18    2.30451438e-28     
   2.0000        5.0000e+18    2.55409713e-28     
   2.0000        1.0000e+19    2.81687553e-28     
   2.0000        2.0000e+19    3.18201850e-28     
   2.0000        5.0000e+19    3.90498848e-28     
   2.0000        1.0000e+20    4.75613824e-28     
   2.0000        2.0000e+20    6.09136093e-28     
   2.0000        5.0000e+20    9.07009555e-28     
   2.0000        1.0000e+21    1.23620230e-27     
   2.0000        2.0000e+21    1.60888485e-27     
   3.0000        1.0000e+14    1.14110377e-28     
   3.0000        2.0000e+14    1.14488671e-28     
   3.0000        5.0000e+14    1.15112085e-28     
   3.0000        1.0000e+15    1.15699085e-28     
   3.0000        2.0000e+15    1.16409618e-28     
   3.0000        5.0000e+15    1.17586242e-28     
   3.0000        1.0000e+16    1.18701749e-28     
   3.0000        2.0000e+16    1.20061679e-28     
   3.0000        5.0000e+16    1.22335101e-28     
   3.0000        1.0000e+17    1.24512746e-28     
   3.0000        2.0000e+17    1.27196065e-28     
   3.0000        5.0000e+17    1.31747569e-28     
   3.0000        1.0000e+18    1.36198226e-28     
   3.0000        2.0000e+18    1.41809970e-28     
   3.0000        5.0000e+18    1.51669030e-28     
   3.0000        1.0000e+19    1.61956889e-28     
   3.0000        2.0000e+19    1.75959414e-28     
   3.0000        5.0000e+19    2.02892841e-28     
   3.0000        1.0000e+20    2.34076289e-28     
   3.0000        2.0000e+20    2.81709787e-28     
   3.0000        5.0000e+20    3.79584216e-28     
   3.0000        1.0000e+21    4.74431325e-28     
   3.0000        2.0000e+21    5.67589590e-28     
   5.0000        1.0000e+14    7.12134903e-29     
   5.0000        2.0000e+14    7.13542048e-29     
   5.0000        5.0000e+14    7.15793307e-29     
   5.0000        1.0000e+15    7.17851529e-29     
   5.0000        2.0000e+15    7.20280779e-29     
   5.0000        5.0000e+15    7.24191572e-29     
   5.0000        1.0000e+16    7.27805656e-29     
   5.0000        2.0000e+16    7.32125128e-29     
   5.0000        5.0000e+16    7.39203807e-29     
   5.0000        1.0000e+17    7.45876902e-29     
   5.0000        2.0000e+17    7.54009564e-29     
   5.0000        5.0000e+17    7.67670377e-29     
   5.0000        1.0000e+18    7.80933859e-29     
   5.0000        2.0000e+18    7.97560414e-29     
   5.0000        5.0000e+18    8.26699779e-29     
   5.0000        1.0000e+19    8.57012600e-29     
   5.0000        2.0000e+19    8.97811022e-29     
   5.0000        5.0000e+19    9.75601469e-29     
   5.0000        1.0000e+20    1.06520999e-28     
   5.0000        2.0000e+20    1.19775380e-28     
   5.0000        5.0000e+20    1.44568281e-28     
   5.0000        1.0000e+21    1.65588267e-28     
   5.0000        2.0000e+21    1.83793062e-28     
   7.0000        1.0000e+14    5.13890408e-29     
   7.0000        2.0000e+14    5.14639015e-29     
   7.0000        5.0000e+14    5.15811145e-29     
   7.0000        1.0000e+15    5.16857836e-29     
   7.0000        2.0000e+15    5.18066137e-29     
   7.0000        5.0000e+15    5.19958857e-29     
   7.0000        1.0000e+16    5.21660508e-29     
   7.0000        2.0000e+16    5.23646795e-29     
   7.0000        5.0000e+16    5.26817642e-29     
   7.0000        1.0000e+17    5.29738033e-29     
   7.0000        2.0000e+17    5.33235834e-29     
   7.0000        5.0000e+17    5.39016334e-29     
   7.0000        1.0000e+18    5.44562037e-29     
   7.0000        2.0000e+18    5.51466226e-29     
   7.0000        5.0000e+18    5.63527760e-29     
   7.0000        1.0000e+19    5.76056528e-29     
   7.0000        2.0000e+19    5.92895676e-29     
   7.0000        5.0000e+19    6.25095619e-29     
   7.0000        1.0000e+20    6.62164893e-29     
   7.0000        2.0000e+20    7.15980150e-29     
   7.0000        5.0000e+20    8.11894274e-29     
   7.0000        1.0000e+21    8.88254533e-29     
   7.0000        2.0000e+21    9.50932820e-29     
   10.0000       1.0000e+14    3.58922747e-29     
   10.0000       2.0000e+14    3.59313016e-29     
   10.0000       5.0000e+14    3.59910657e-29     
   10.0000       1.0000e+15    3.60430587e-29     
   10.0000       2.0000e+15    3.61015049e-29     
   10.0000       5.0000e+15    3.61898248e-29     
   10.0000       1.0000e+16    3.62661078e-29     
   10.0000       2.0000e+16    3.63518064e-29     
   10.0000       5.0000e+16    3.64822558e-29     
   10.0000       1.0000e+17    3.65967990e-29     
   10.0000       2.0000e+17    3.67285822e-29     
   10.0000       5.0000e+17    3.69372296e-29     
   10.0000       1.0000e+18    3.71303282e-29     
   10.0000       2.0000e+18    3.73650643e-29     
   10.0000       5.0000e+18    3.77673658e-29     
   10.0000       1.0000e+19    3.81806532e-29     
   10.0000       2.0000e+19    3.87348048e-29     
   10.0000       5.0000e+19    3.97992531e-29     
   10.0000       1.0000e+20    4.10245841e-29     
   10.0000       2.0000e+20    4.27764515e-29     
   10.0000       5.0000e+20    4.57859859e-29     
   10.0000       1.0000e+21    4.80751780e-29     
   10.0000       2.0000e+21    4.98861245e-29     
   15.0000       1.0000e+14    2.35885848e-29     
   15.0000       2.0000e+14    2.36074029e-29     
   15.0000       5.0000e+14    2.36355854e-29     
   15.0000       1.0000e+15    2.36594152e-29     
   15.0000       2.0000e+15    2.36853708e-29     
   15.0000       5.0000e+15    2.37227939e-29     
   15.0000       1.0000e+16    2.37532682e-29     
   15.0000       2.0000e+16    2.37853791e-29     
   15.0000       5.0000e+16    2.38299041e-29     
   15.0000       1.0000e+17    2.38648007e-29     
   15.0000       2.0000e+17    2.39004830e-29     
   15.0000       5.0000e+17    2.39486276e-29     
   15.0000       1.0000e+18    2.39859534e-29     
   15.0000       2.0000e+18    2.40246754e-29     
   15.0000       5.0000e+18    2.40799876e-29     
   15.0000       1.0000e+19    2.41289719e-29     
   15.0000       2.0000e+19    2.41901533e-29     
   15.0000       5.0000e+19    2.43046195e-29     
   15.0000       1.0000e+20    2.44354674e-29     
   15.0000       2.0000e+20    2.46204145e-29     
   15.0000       5.0000e+20    2.49304859e-29     
   15.0000       1.0000e+21    2.51595699e-29     
   15.0000       2.0000e+21    2.53367172e-29     
   20.0000       1.0000e+14    1.71525407e-29     
   20.0000       2.0000e+14    1.71640551e-29     
   20.0000       5.0000e+14    1.71810658e-29     
   20.0000       1.0000e+15    1.71951862e-29     
   20.0000       2.0000e+15    1.72102336e-29     
   20.0000       5.0000e+15    1.72311719e-29     
   20.0000       1.0000e+16    1.72473865e-29     
   20.0000       2.0000e+16    1.72634247e-29     
   20.0000       5.0000e+16    1.72833087e-29     
   20.0000       1.0000e+17    1.72963300e-29     
   20.0000       2.0000e+17    1.73065039e-29     
   20.0000       5.0000e+17    1.73134194e-29     
   20.0000       1.0000e+18    1.73116411e-29     
   20.0000       2.0000e+18    1.73016464e-29     
   20.0000       5.0000e+18    1.72709044e-29     
   20.0000       1.0000e+19    1.72290522e-29     
   20.0000       2.0000e+19    1.71658050e-29     
   20.0000       5.0000e+19    1.70363684e-29     
   20.0000       1.0000e+20    1.68848093e-29     
   20.0000       2.0000e+20    1.66705071e-29     
   20.0000       5.0000e+20    1.63136792e-29     
   20.0000       1.0000e+21    1.60523267e-29     
   20.0000       2.0000e+21    1.58515690e-29     
   30.0000       1.0000e+14    1.08199606e-29     
   30.0000       2.0000e+14    1.08257318e-29     
   30.0000       5.0000e+14    1.08341300e-29     
   30.0000       1.0000e+15    1.08409515e-29     
   30.0000       2.0000e+15    1.08480240e-29     
   30.0000       5.0000e+15    1.08573988e-29     
   30.0000       1.0000e+16    1.08641167e-29     
   30.0000       2.0000e+16    1.08700370e-29     
   30.0000       5.0000e+16    1.08756145e-29     
   30.0000       1.0000e+17    1.08770885e-29     
   30.0000       2.0000e+17    1.08749986e-29     
   30.0000       5.0000e+17    1.08642553e-29     
   30.0000       1.0000e+18    1.08474837e-29     
   30.0000       2.0000e+18    1.08202360e-29     
   30.0000       5.0000e+18    1.07610440e-29     
   30.0000       1.0000e+19    1.06901566e-29     
   30.0000       2.0000e+19    1.05868023e-29     
   30.0000       5.0000e+19    1.03766946e-29     
   30.0000       1.0000e+20    1.01305056e-29     
   30.0000       2.0000e+20    9.78217987e-30     
   30.0000       5.0000e+20    9.20162421e-30     
   30.0000       1.0000e+21    8.77586940e-30     
   30.0000       2.0000e+21    8.44849368e-30     
   50.0000       1.0000e+14    5.82570360e-30     
   50.0000       2.0000e+14    5.82820149e-30     
   50.0000       5.0000e+14    5.83179553e-30     
   50.0000       1.0000e+15    5.83466319e-30     
   50.0000       2.0000e+15    5.83756438e-30     
   50.0000       5.0000e+15    5.84122945e-30     
   50.0000       1.0000e+16    5.84363107e-30     
   50.0000       2.0000e+16    5.84541763e-30     
   50.0000       5.0000e+16    5.84618552e-30     
   50.0000       1.0000e+17    5.84488089e-30     
   50.0000       2.0000e+17    5.84114521e-30     
   50.0000       5.0000e+17    5.83072394e-30     
   50.0000       1.0000e+18    5.81680778e-30     
   50.0000       2.0000e+18    5.79539118e-30     
   50.0000       5.0000e+18    5.75012113e-30     
   50.0000       1.0000e+19    5.69626218e-30     
   50.0000       2.0000e+19    5.61705587e-30     
   50.0000       5.0000e+19    5.45379797e-30     
   50.0000       1.0000e+20    5.26082375e-30     
   50.0000       2.0000e+20    4.98543263e-30     
   50.0000       5.0000e+20    4.51903652e-30     
   50.0000       1.0000e+21    4.17045344e-30     
   50.0000       2.0000e+21    3.89843904e-30     
