#
# Output file generated by Yacora 1.5.0
# =====================================
#   Filename: 'YacoraRun_PopCoeff_n=10.dat'
#   Date of creation: 22. June 2021
#   Time of creation: 16:40:09
#   Used input file: 'H_20_11_2019.txt'
#   Performed calculation: Population Coefficient for state 'H(10)' coupled to the particle 'H+'
#
#   Please cite D. Wünderlich, M. Giacomin, R. Ritz and U. Fantz, J. Quant. Spectrosc. Radiat. Transfer 240, 2020, 106695, if you use Yacora results.
#
# Description of the used Parameters:
# ===================================
#
#   Temperatures and Densities: 
#              T_e: 11 given values between 1.0000 and 50.0000
#              T_i1: Fixed value 8000.0000
#              T_n1: Fixed value 8000.0000
#              n_e: 23 given values between 1.0000e+14 and 2.0000e+21
#              n_i1: Fixed value 1.0000

#   Electron energy distribution function: 
#              Maxwellian
#
# Calculated Data:
# ================
#  T_e           n_e           POP_COEFF      
   1.0000        1.0000e+14    1.43114578e-26     
   1.0000        2.0000e+14    1.52730654e-26     
   1.0000        5.0000e+14    1.76098238e-26     
   1.0000        1.0000e+15    2.04964609e-26     
   1.0000        2.0000e+15    2.41918154e-26     
   1.0000        5.0000e+15    2.93721592e-26     
   1.0000        1.0000e+16    3.28153977e-26     
   1.0000        2.0000e+16    3.55481107e-26     
   1.0000        5.0000e+16    3.80685028e-26     
   1.0000        1.0000e+17    3.93044411e-26     
   1.0000        2.0000e+17    4.01252417e-26     
   1.0000        5.0000e+17    4.07837959e-26     
   1.0000        1.0000e+18    4.10765540e-26     
   1.0000        2.0000e+18    4.12603564e-26     
   1.0000        5.0000e+18    4.14022178e-26     
   1.0000        1.0000e+19    4.14638506e-26     
   1.0000        2.0000e+19    4.15019462e-26     
   1.0000        5.0000e+19    4.15312956e-26     
   1.0000        1.0000e+20    4.15444385e-26     
   1.0000        2.0000e+20    4.15527643e-26     
   1.0000        5.0000e+20    4.15590169e-26     
   1.0000        1.0000e+21    4.15617180e-26     
   1.0000        2.0000e+21    4.15636324e-26     
   1.5000        1.0000e+14    8.63291859e-27     
   1.5000        2.0000e+14    9.07612082e-27     
   1.5000        5.0000e+14    1.01387742e-26     
   1.5000        1.0000e+15    1.14078717e-26     
   1.5000        2.0000e+15    1.29731838e-26     
   1.5000        5.0000e+15    1.50855540e-26     
   1.5000        1.0000e+16    1.64487326e-26     
   1.5000        2.0000e+16    1.75106160e-26     
   1.5000        5.0000e+16    1.84744948e-26     
   1.5000        1.0000e+17    1.89410770e-26     
   1.5000        2.0000e+17    1.92480681e-26     
   1.5000        5.0000e+17    1.94920351e-26     
   1.5000        1.0000e+18    1.95993401e-26     
   1.5000        2.0000e+18    1.96660990e-26     
   1.5000        5.0000e+18    1.97170517e-26     
   1.5000        1.0000e+19    1.97387949e-26     
   1.5000        2.0000e+19    1.97520539e-26     
   1.5000        5.0000e+19    1.97621523e-26     
   1.5000        1.0000e+20    1.97665368e-26     
   1.5000        2.0000e+20    1.97691995e-26     
   1.5000        5.0000e+20    1.97711399e-26     
   1.5000        1.0000e+21    1.97719840e-26     
   1.5000        2.0000e+21    1.97725762e-26     
   2.0000        1.0000e+14    5.92588742e-27     
   2.0000        2.0000e+14    6.17606749e-27     
   2.0000        5.0000e+14    6.77010379e-27     
   2.0000        1.0000e+15    7.46669764e-27     
   2.0000        2.0000e+15    8.30968611e-27     
   2.0000        5.0000e+15    9.42543352e-27     
   2.0000        1.0000e+16    1.01344555e-26     
   2.0000        2.0000e+16    1.06812441e-26     
   2.0000        5.0000e+16    1.11731780e-26     
   2.0000        1.0000e+17    1.14095507e-26     
   2.0000        2.0000e+17    1.15642482e-26     
   2.0000        5.0000e+17    1.16865268e-26     
   2.0000        1.0000e+18    1.17399955e-26     
   2.0000        2.0000e+18    1.17731097e-26     
   2.0000        5.0000e+18    1.17982269e-26     
   2.0000        1.0000e+19    1.18088470e-26     
   2.0000        2.0000e+19    1.18152874e-26     
   2.0000        5.0000e+19    1.18201563e-26     
   2.0000        1.0000e+20    1.18222279e-26     
   2.0000        2.0000e+20    1.18234600e-26     
   2.0000        5.0000e+20    1.18243495e-26     
   2.0000        1.0000e+21    1.18247372e-26     
   2.0000        2.0000e+21    1.18250019e-26     
   3.0000        1.0000e+14    3.47036031e-27     
   3.0000        2.0000e+14    3.58082175e-27     
   3.0000        5.0000e+14    3.84031835e-27     
   3.0000        1.0000e+15    4.13982952e-27     
   3.0000        2.0000e+15    4.49637993e-27     
   3.0000        5.0000e+15    4.96009848e-27     
   3.0000        1.0000e+16    5.25040495e-27     
   3.0000        2.0000e+16    5.47192284e-27     
   3.0000        5.0000e+16    5.66919807e-27     
   3.0000        1.0000e+17    5.76312576e-27     
   3.0000        2.0000e+17    5.82417922e-27     
   3.0000        5.0000e+17    5.87209852e-27     
   3.0000        1.0000e+18    5.89289986e-27     
   3.0000        2.0000e+18    5.90571320e-27     
   3.0000        5.0000e+18    5.91535938e-27     
   3.0000        1.0000e+19    5.91939996e-27     
   3.0000        2.0000e+19    5.92183829e-27     
   3.0000        5.0000e+19    5.92366378e-27     
   3.0000        1.0000e+20    5.92442314e-27     
   3.0000        2.0000e+20    5.92486684e-27     
   3.0000        5.0000e+20    5.92518636e-27     
   3.0000        1.0000e+21    5.92532529e-27     
   3.0000        2.0000e+21    5.92541624e-27     
   5.0000        1.0000e+14    1.72174321e-27     
   5.0000        2.0000e+14    1.76050909e-27     
   5.0000        5.0000e+14    1.85074080e-27     
   5.0000        1.0000e+15    1.95445818e-27     
   5.0000        2.0000e+15    2.07729782e-27     
   5.0000        5.0000e+15    2.23569416e-27     
   5.0000        1.0000e+16    2.33379053e-27     
   5.0000        2.0000e+16    2.40785594e-27     
   5.0000        5.0000e+16    2.47296596e-27     
   5.0000        1.0000e+17    2.50353349e-27     
   5.0000        2.0000e+17    2.52316652e-27     
   5.0000        5.0000e+17    2.53837198e-27     
   5.0000        1.0000e+18    2.54488404e-27     
   5.0000        2.0000e+18    2.54885370e-27     
   5.0000        5.0000e+18    2.55180531e-27     
   5.0000        1.0000e+19    2.55302702e-27     
   5.0000        2.0000e+19    2.55375892e-27     
   5.0000        5.0000e+19    2.55429979e-27     
   5.0000        1.0000e+20    2.55452033e-27     
   5.0000        2.0000e+20    2.55464794e-27     
   5.0000        5.0000e+20    2.55474012e-27     
   5.0000        1.0000e+21    2.55477986e-27     
   5.0000        2.0000e+21    2.55480477e-27     
   7.0000        1.0000e+14    1.07307141e-27     
   7.0000        2.0000e+14    1.09256041e-27     
   7.0000        5.0000e+14    1.13771998e-27     
   7.0000        1.0000e+15    1.18993546e-27     
   7.0000        2.0000e+15    1.25210431e-27     
   7.0000        5.0000e+15    1.33241058e-27     
   7.0000        1.0000e+16    1.38200027e-27     
   7.0000        2.0000e+16    1.41922003e-27     
   7.0000        5.0000e+16    1.45162218e-27     
   7.0000        1.0000e+17    1.46664450e-27     
   7.0000        2.0000e+17    1.47617784e-27     
   7.0000        5.0000e+17    1.48345414e-27     
   7.0000        1.0000e+18    1.48652173e-27     
   7.0000        2.0000e+18    1.48836711e-27     
   7.0000        5.0000e+18    1.48971911e-27     
   7.0000        1.0000e+19    1.49027097e-27     
   7.0000        2.0000e+19    1.49059811e-27     
   7.0000        5.0000e+19    1.49083668e-27     
   7.0000        1.0000e+20    1.49093270e-27     
   7.0000        2.0000e+20    1.49098797e-27     
   7.0000        5.0000e+20    1.49102787e-27     
   7.0000        1.0000e+21    1.49104491e-27     
   7.0000        2.0000e+21    1.49105536e-27     
   10.0000       1.0000e+14    6.46657395e-28     
   10.0000       2.0000e+14    6.56123843e-28     
   10.0000       5.0000e+14    6.77943400e-28     
   10.0000       1.0000e+15    7.03480405e-28     
   10.0000       2.0000e+15    7.34266727e-28     
   10.0000       5.0000e+15    7.74365678e-28     
   10.0000       1.0000e+16    7.99149056e-28     
   10.0000       2.0000e+16    8.17655987e-28     
   10.0000       5.0000e+16    8.33586953e-28     
   10.0000       1.0000e+17    8.40850849e-28     
   10.0000       2.0000e+17    8.45380311e-28     
   10.0000       5.0000e+17    8.48758424e-28     
   10.0000       1.0000e+18    8.50144806e-28     
   10.0000       2.0000e+18    8.50958694e-28     
   10.0000       5.0000e+18    8.51538281e-28     
   10.0000       1.0000e+19    8.51768082e-28     
   10.0000       2.0000e+19    8.51900976e-28     
   10.0000       5.0000e+19    8.51995206e-28     
   10.0000       1.0000e+20    8.52032219e-28     
   10.0000       2.0000e+20    8.52053251e-28     
   10.0000       5.0000e+20    8.52068250e-28     
   10.0000       1.0000e+21    8.52074525e-28     
   10.0000       2.0000e+21    8.52078285e-28     
   15.0000       1.0000e+14    3.64847513e-28     
   15.0000       2.0000e+14    3.69018360e-28     
   15.0000       5.0000e+14    3.78547123e-28     
   15.0000       1.0000e+15    3.89914497e-28     
   15.0000       2.0000e+15    4.03921761e-28     
   15.0000       5.0000e+15    4.22484310e-28     
   15.0000       1.0000e+16    4.34032073e-28     
   15.0000       2.0000e+16    4.42626474e-28     
   15.0000       5.0000e+16    4.49930994e-28     
   15.0000       1.0000e+17    4.53188661e-28     
   15.0000       2.0000e+17    4.55167873e-28     
   15.0000       5.0000e+17    4.56589343e-28     
   15.0000       1.0000e+18    4.57144873e-28     
   15.0000       2.0000e+18    4.57455210e-28     
   15.0000       5.0000e+18    4.57662407e-28     
   15.0000       1.0000e+19    4.57738534e-28     
   15.0000       2.0000e+19    4.57779391e-28     
   15.0000       5.0000e+19    4.57805798e-28     
   15.0000       1.0000e+20    4.57815274e-28     
   15.0000       2.0000e+20    4.57820310e-28     
   15.0000       5.0000e+20    4.57823613e-28     
   15.0000       1.0000e+21    4.57824860e-28     
   15.0000       2.0000e+21    4.57825553e-28     
   20.0000       1.0000e+14    2.39349972e-28     
   20.0000       2.0000e+14    2.41742661e-28     
   20.0000       5.0000e+14    2.47148956e-28     
   20.0000       1.0000e+15    2.53690650e-28     
   20.0000       2.0000e+15    2.61908274e-28     
   20.0000       5.0000e+15    2.72984297e-28     
   20.0000       1.0000e+16    2.79932671e-28     
   20.0000       2.0000e+16    2.85102168e-28     
   20.0000       5.0000e+16    2.89458942e-28     
   20.0000       1.0000e+17    2.91368272e-28     
   20.0000       2.0000e+17    2.92502071e-28     
   20.0000       5.0000e+17    2.93287063e-28     
   20.0000       1.0000e+18    2.93577861e-28     
   20.0000       2.0000e+18    2.93730553e-28     
   20.0000       5.0000e+18    2.93823290e-28     
   20.0000       1.0000e+19    2.93852958e-28     
   20.0000       2.0000e+19    2.93866336e-28     
   20.0000       5.0000e+19    2.93872728e-28     
   20.0000       1.0000e+20    2.93874124e-28     
   20.0000       2.0000e+20    2.93874460e-28     
   20.0000       5.0000e+20    2.93874310e-28     
   20.0000       1.0000e+21    2.93874076e-28     
   20.0000       2.0000e+21    2.93873873e-28     
   30.0000       1.0000e+14    1.33010416e-28     
   30.0000       2.0000e+14    1.34104285e-28     
   30.0000       5.0000e+14    1.36521894e-28     
   30.0000       1.0000e+15    1.39505984e-28     
   30.0000       2.0000e+15    1.43376887e-28     
   30.0000       5.0000e+15    1.48757040e-28     
   30.0000       1.0000e+16    1.52192558e-28     
   30.0000       2.0000e+16    1.54756937e-28     
   30.0000       5.0000e+16    1.56898005e-28     
   30.0000       1.0000e+17    1.57813322e-28     
   30.0000       2.0000e+17    1.58337408e-28     
   30.0000       5.0000e+17    1.58677252e-28     
   30.0000       1.0000e+18    1.58789792e-28     
   30.0000       2.0000e+18    1.58840138e-28     
   30.0000       5.0000e+18    1.58861735e-28     
   30.0000       1.0000e+19    1.58863835e-28     
   30.0000       2.0000e+19    1.58861568e-28     
   30.0000       5.0000e+19    1.58857035e-28     
   30.0000       1.0000e+20    1.58854152e-28     
   30.0000       2.0000e+20    1.58852037e-28     
   30.0000       5.0000e+20    1.58850114e-28     
   30.0000       1.0000e+21    1.58849133e-28     
   30.0000       2.0000e+21    1.58848484e-28     
   50.0000       1.0000e+14    6.26510421e-29     
   50.0000       2.0000e+14    6.30780564e-29     
   50.0000       5.0000e+14    6.39850627e-29     
   50.0000       1.0000e+15    6.51256209e-29     
   50.0000       2.0000e+15    6.66733316e-29     
   50.0000       5.0000e+15    6.89318723e-29     
   50.0000       1.0000e+16    7.04218325e-29     
   50.0000       2.0000e+16    7.15477348e-29     
   50.0000       5.0000e+16    7.24845082e-29     
   50.0000       1.0000e+17    7.28753384e-29     
   50.0000       2.0000e+17    7.30893961e-29     
   50.0000       5.0000e+17    7.32155074e-29     
   50.0000       1.0000e+18    7.32491039e-29     
   50.0000       2.0000e+18    7.32580412e-29     
   50.0000       5.0000e+18    7.32543791e-29     
   50.0000       1.0000e+19    7.32482729e-29     
   50.0000       2.0000e+19    7.32422085e-29     
   50.0000       5.0000e+19    7.32357002e-29     
   50.0000       1.0000e+20    7.32322584e-29     
   50.0000       2.0000e+20    7.32299037e-29     
   50.0000       5.0000e+20    7.32278755e-29     
   50.0000       1.0000e+21    7.32268745e-29     
   50.0000       2.0000e+21    7.32262190e-29     
